[mounting]
delta_theta = [ -2.18747176778527619e-08, 0.716970466987704169, -0.520670597200847296, -0.196300323120107562, 1.92533290842289428e-06, -1.05525034085895975e-07]
delta_a = [ -0.00010584450896508824, 0.0597356911212446329, 0.00388115729517468644, -3.61214831102079547e-05, -0.000111371838753619918, 0]
delta_d = [ 0.000239283116503952176, 115.674460464327012, -103.204454651623692, -12.4699941651437385, 0.00011809489966808917, 2.36227292232799035e-05]
delta_alpha = [ -0.000919853695440675523, 0.00138521579463572958, 0.00333801287231622447, 0.000845366194324181919, -0.00134142136347970009, 0]
joint_checksum = [ 0x96303cc3, 0xb3226636, 0xb2eb7574, 0xb2ecf86c, 0xb2f7cb4e, 0xb2ddb634]
calibration_status = 2 # 0 == notInitialized / 1 == notLinearised / 2 == Linearised
joint_raw_offset = [ 3.71418070793151855, 3.74838757514953613, 3.09306478500366211, 2.38231992721557617, 2.37956094741821289, 2.37826681137084961]
joint_selftest_data_crc = [ 0x55c287a0, 0x72b280a1, 0x72a580ae, 0x72d4807e, 0x72df8094, 0x72c580ae]
file_save_count = 1
