[mounting]
delta_theta = [ 2.12971082652960164e-07, 0.163810537737174439, 5.88565431278932838, 0.233719510822957222, -2.40853387173736722e-07, 1.03772673024082884e-08]
delta_a = [ 1.33142189670612661e-05, 0.00871181305547796825, 0.01580376157582708, -0.000104599850933157453, -0.000131360029920512563, 0]
delta_d = [ 0.000466241438195930114, -97.2527768712580496, 32.3975756023982768, 64.8552574711226129, -9.86995303635107568e-05, -0.00089106954878649669]
delta_alpha = [ 0.000699852907853015793, -0.0010265735504383052, 0.0020399970690121263, -0.000449543026724175121, 0.000178543611774495403, 0]
joint_checksum = [ 0x91482b56, 0x913c28e2, 0x114910a7, 0x91451d8a, 0xb11dd043, 0x911088de]
calibration_status = 2 # 0 == notInitialized / 1 == notLinearised / 2 == Linearised
joint_raw_offset = [ 4.27036094665527344, 4.27007865905761719, -5.14209270477294922, 3.74371480941772461, 3.72342634201049805, 3.71901702880859375]
joint_selftest_data_crc = [ 0x50bf848a, 0x50b38466, 0x50a484a1, 0x50d58484, 0x70af83a5, 0x50a2847e]
