[mounting]
delta_theta = [ -3.25107646497748391e-08, -0.551982393413733341, 0.00370917837528716987, 0.548273882380432953, -6.71522083834173299e-07, 8.45558354696865355e-08]
delta_a = [ 0.000138643707976475033, 0.0913507727633282585, 0.0841011824465706104, -3.34454225571930282e-05, 4.84700024910478039e-06, 0]
delta_d = [ 0.000111039407009266844, 262.751724734084576, -147.410029100229735, -115.342183391727161, 0.000113047552682904451, -0.00101144460312808937]
delta_alpha = [ 0.000147326357572197253, -0.00122194392706036648, -0.00258106212896779463, 0.000396352203838379324, -0.000629673336081770785, 0]
joint_checksum = [ 0x912adc59, 0x91296938, 0x1160a41e, 0x910ef4c6, 0xb11ff77b, 0x91278930]
calibration_status = 2 # 0 == notInitialized / 1 == notLinearised / 2 == Linearised
joint_raw_offset = [ 4.29196023941040039, 4.24665498733520508, -5.16010618209838867, 3.72559595108032227, 3.71019601821899414, 3.73465704917907715]
joint_selftest_data_crc = [ 0x50a1849c, 0x50a1849f, 0x50bb8487, 0x50a0849c, 0x70b283a1, 0x50b88491]
